(kicad_pcb (version 20171130) (host pcbnew "(5.0.2)-1")

  (general
    (thickness 1.6)
    (drawings 32)
    (tracks 1388)
    (zones 0)
    (modules 206)
    (nets 248)
  )

  (page A4 portrait)
  (layers
    (0 F.Cu signal)
    (1 In1.Cu power)
    (2 In2.Cu power)
    (31 B.Cu signal)
    (32 B.Adhes user hide)
    (33 F.Adhes user hide)
    (34 B.Paste user hide)
    (35 F.Paste user hide)
    (36 B.SilkS user)
    (37 F.SilkS user)
    (38 B.Mask user hide)
    (39 F.Mask user hide)
    (40 Dwgs.User user hide)
    (41 Cmts.User user hide)
    (42 Eco1.User user hide)
    (43 Eco2.User user hide)
    (44 Edge.Cuts user hide)
    (45 Margin user)
    (46 B.CrtYd user hide)
    (47 F.CrtYd user hide)
    (48 B.Fab user hide)
    (49 F.Fab user hide)
  )

  (setup
    (last_trace_width 0.25)
    (trace_clearance 0.1)
    (zone_clearance 0.254)
    (zone_45_only no)
    (trace_min 0.1)
    (segment_width 0.2)
    (edge_width 0.2)
    (via_size 0.8)
    (via_drill 0.4)
    (via_min_size 0.3)
    (via_min_drill 0.3)
    (uvia_size 0.3)
    (uvia_drill 0.1)
    (uvias_allowed no)
    (uvia_min_size 0.1)
    (uvia_min_drill 0.1)
    (pcb_text_width 0.3)
    (pcb_text_size 1.5 1.5)
    (mod_edge_width 0.15)
    (mod_text_size 1 1)
    (mod_text_width 0.15)
    (pad_size 2.85 6.6)
    (pad_drill 0)
    (pad_to_mask_clearance 0.051)
    (solder_mask_min_width 0.25)
    (aux_axis_origin 0 0)
    (grid_origin 97.7773 92.8116)
    (visible_elements 7FFFFFFF)
    (pcbplotparams
      (layerselection 0x010f0_ffffffff)
      (usegerberextensions false)
      (usegerberattributes true)
      (usegerberadvancedattributes false)
      (creategerberjobfile true)
      (excludeedgelayer false)
      (linewidth 0.150000)
      (plotframeref false)
      (viasonmask false)
      (mode 1)
      (useauxorigin false)
      (hpglpennumber 1)
      (hpglpenspeed 20)
      (hpglpendiameter 15.000000)
      (psnegative false)
      (psa4output false)
      (plotreference true)
      (plotvalue true)
      (plotinvisibletext false)
      (padsonsilk true)
      (subtractmaskfromsilk false)
      (outputformat 1)
      (mirror false)
      (drillshape 0)
      (scaleselection 1)
      (outputdirectory "D:/Auto-entrepreneur/Clients/Crozitech/repository/gerbers"))
  )

  (net 0 "")
  (net 1 "Net-(J18-Pad1)")
  (net 2 "Net-(D18-Pad1)")
  (net 3 "Net-(J18-Pad3)")
  (net 4 +12V)
  (net 5 "Net-(J18-Pad2)")
  (net 6 "Net-(J17-Pad2)")
  (net 7 "Net-(J17-Pad3)")
  (net 8 "Net-(D15-Pad1)")
  (net 9 "Net-(J17-Pad1)")
  (net 10 "Net-(J16-Pad1)")
  (net 11 "Net-(D14-Pad1)")
  (net 12 "Net-(J16-Pad3)")
  (net 13 "Net-(J16-Pad2)")
  (net 14 "Net-(J15-Pad2)")
  (net 15 "Net-(J15-Pad3)")
  (net 16 "Net-(D13-Pad1)")
  (net 17 "Net-(J15-Pad1)")
  (net 18 "Net-(J13-Pad1)")
  (net 19 "Net-(D8-Pad1)")
  (net 20 "Net-(J13-Pad3)")
  (net 21 "Net-(J13-Pad2)")
  (net 22 "Net-(J12-Pad2)")
  (net 23 "Net-(J12-Pad3)")
  (net 24 "Net-(D7-Pad1)")
  (net 25 "Net-(J12-Pad1)")
  (net 26 "Net-(J14-Pad1)")
  (net 27 "Net-(D9-Pad1)")
  (net 28 "Net-(J14-Pad3)")
  (net 29 "Net-(J14-Pad2)")
  (net 30 "Net-(J19-Pad2)")
  (net 31 "Net-(J19-Pad3)")
  (net 32 "Net-(D19-Pad1)")
  (net 33 "Net-(J19-Pad1)")
  (net 34 +5V)
  (net 35 Earth)
  (net 36 "Net-(U20-Pad4)")
  (net 37 +3V3)
  (net 38 "Net-(R59-Pad2)")
  (net 39 "Net-(U22-Pad2)")
  (net 40 "Net-(U22-Pad3)")
  (net 41 "Net-(R60-Pad1)")
  (net 42 "Net-(U22-Pad6)")
  (net 43 "Net-(U22-Pad9)")
  (net 44 "Net-(U22-Pad10)")
  (net 45 "Net-(U22-Pad11)")
  (net 46 "Net-(U22-Pad12)")
  (net 47 "Net-(U22-Pad13)")
  (net 48 "Net-(U22-Pad14)")
  (net 49 "Net-(C31-Pad2)")
  (net 50 "Net-(C32-Pad2)")
  (net 51 "Net-(U22-Pad17)")
  (net 52 "Net-(U22-Pad22)")
  (net 53 "Net-(U22-Pad23)")
  (net 54 "Net-(U22-Pad27)")
  (net 55 "Net-(U22-Pad28)")
  (net 56 /RXD0)
  (net 57 /TXD0)
  (net 58 "Net-(R7-Pad1)")
  (net 59 "Net-(R3-Pad1)")
  (net 60 /PCINT5)
  (net 61 "Net-(U1-Pad25)")
  (net 62 "Net-(U1-Pad26)")
  (net 63 /RST)
  (net 64 "Net-(C4-Pad2)")
  (net 65 "Net-(C3-Pad2)")
  (net 66 /ITOR_0)
  (net 67 /ITOR_1)
  (net 68 /ITOR_2)
  (net 69 /ITOR_3)
  (net 70 /ITOR_4)
  (net 71 /ITOR_5)
  (net 72 /ITOR_6)
  (net 73 /ITOR_7)
  (net 74 /SCL)
  (net 75 /SDA)
  (net 76 /RXD1)
  (net 77 /COUNTER_1)
  (net 78 /COUNTER_0)
  (net 79 /STOR_7)
  (net 80 /STOR_6)
  (net 81 /STOR_5)
  (net 82 /STOR_4)
  (net 83 /STOR_3)
  (net 84 /STOR_2)
  (net 85 /STOR_1)
  (net 86 /STOR_0)
  (net 87 /ADC_1)
  (net 88 /ADC_0)
  (net 89 "Net-(C8-Pad1)")
  (net 90 +5VA)
  (net 91 "Net-(R15-Pad1)")
  (net 92 +3.3VA)
  (net 93 "Net-(U6-Pad3)")
  (net 94 /Ethernet/RX+)
  (net 95 /Ethernet/RX-)
  (net 96 "Net-(FB3-Pad2)")
  (net 97 /Ethernet/TX+)
  (net 98 /Ethernet/TX-)
  (net 99 +1V8)
  (net 100 /MISO)
  (net 101 /MOSI)
  (net 102 /CS_ETH)
  (net 103 /SCK)
  (net 104 "Net-(R14-Pad1)")
  (net 105 "Net-(U6-Pad60)")
  (net 106 "Net-(U6-Pad61)")
  (net 107 "Net-(U6-Pad62)")
  (net 108 /Ethernet/LINKLED)
  (net 109 /Ethernet/SPDLED)
  (net 110 "Net-(U6-Pad70)")
  (net 111 "Net-(U6-Pad71)")
  (net 112 "Net-(D3-Pad1)")
  (net 113 "Net-(D2-Pad1)")
  (net 114 "Net-(C24-Pad2)")
  (net 115 "Net-(C23-Pad2)")
  (net 116 "Net-(U6-Pad78)")
  (net 117 "Net-(U6-Pad79)")
  (net 118 "Net-(U6-Pad80)")
  (net 119 "Net-(U19-Pad1)")
  (net 120 "Net-(U19-Pad2)")
  (net 121 +BATT)
  (net 122 "Net-(U19-Pad7)")
  (net 123 "Net-(J20-Pad2)")
  (net 124 "Net-(R28-Pad1)")
  (net 125 "Net-(D20-Pad1)")
  (net 126 "Net-(D23-Pad1)")
  (net 127 "Net-(R31-Pad1)")
  (net 128 "Net-(J23-Pad2)")
  (net 129 "Net-(J21-Pad2)")
  (net 130 "Net-(R29-Pad1)")
  (net 131 "Net-(D21-Pad1)")
  (net 132 "Net-(D22-Pad1)")
  (net 133 "Net-(R30-Pad1)")
  (net 134 "Net-(J22-Pad2)")
  (net 135 "Net-(J24-Pad2)")
  (net 136 "Net-(R32-Pad1)")
  (net 137 "Net-(D24-Pad1)")
  (net 138 "Net-(D26-Pad1)")
  (net 139 "Net-(R43-Pad1)")
  (net 140 "Net-(J28-Pad2)")
  (net 141 "Net-(J29-Pad2)")
  (net 142 "Net-(R44-Pad1)")
  (net 143 "Net-(D27-Pad1)")
  (net 144 "Net-(R48-Pad2)")
  (net 145 "Net-(Q9-Pad1)")
  (net 146 "Net-(J31-Pad1)")
  (net 147 "Net-(J30-Pad2)")
  (net 148 "Net-(R52-Pad1)")
  (net 149 "Net-(R49-Pad1)")
  (net 150 "Net-(D25-Pad1)")
  (net 151 "Net-(R42-Pad1)")
  (net 152 "Net-(J27-Pad2)")
  (net 153 "Net-(J32-Pad2)")
  (net 154 "Net-(R54-Pad1)")
  (net 155 "Net-(R50-Pad1)")
  (net 156 "Net-(D10-Pad1)")
  (net 157 "Net-(D6-Pad1)")
  (net 158 "Net-(D5-Pad1)")
  (net 159 "Net-(D11-Pad1)")
  (net 160 "Net-(D4-Pad1)")
  (net 161 "Net-(D17-Pad1)")
  (net 162 "Net-(D12-Pad1)")
  (net 163 "Net-(D16-Pad1)")
  (net 164 "Net-(J26-Pad1)")
  (net 165 "Net-(J31-Pad2)")
  (net 166 "Net-(J25-Pad1)")
  (net 167 "Net-(C21-Pad1)")
  (net 168 "Net-(C20-Pad1)")
  (net 169 "Net-(J11-Pad10)")
  (net 170 "Net-(J11-Pad12)")
  (net 171 "Net-(R3-Pad2)")
  (net 172 "Net-(R7-Pad2)")
  (net 173 "Net-(R6-Pad2)")
  (net 174 "Net-(R5-Pad2)")
  (net 175 "Net-(D2-Pad2)")
  (net 176 "Net-(D3-Pad2)")
  (net 177 "Net-(R15-Pad2)")
  (net 178 "Net-(R39-Pad2)")
  (net 179 "Net-(R38-Pad2)")
  (net 180 "Net-(D29-Pad1)")
  (net 181 "Net-(J33-Pad1)")
  (net 182 "Net-(J33-Pad4)")
  (net 183 /CS_SDCARD)
  (net 184 "Net-(J10-Pad8)")
  (net 185 "Net-(J10-Pad1)")
  (net 186 /Ethernet/V2+)
  (net 187 /Ethernet/V1-)
  (net 188 /Ethernet/V1+)
  (net 189 /Ethernet/V2-)
  (net 190 /LED_TELEINFO)
  (net 191 "Net-(D28-Pad1)")
  (net 192 "Net-(U1-Pad1)")
  (net 193 "Net-(U1-Pad4)")
  (net 194 "Net-(U1-Pad5)")
  (net 195 "Net-(U1-Pad6)")
  (net 196 "Net-(U1-Pad7)")
  (net 197 "Net-(U1-Pad8)")
  (net 198 "Net-(U1-Pad9)")
  (net 199 "Net-(U1-Pad12)")
  (net 200 "Net-(U1-Pad13)")
  (net 201 "Net-(U1-Pad14)")
  (net 202 "Net-(U1-Pad15)")
  (net 203 "Net-(U1-Pad16)")
  (net 204 "Net-(U1-Pad17)")
  (net 205 "Net-(U1-Pad18)")
  (net 206 "Net-(U1-Pad27)")
  (net 207 "Net-(U1-Pad28)")
  (net 208 "Net-(U1-Pad29)")
  (net 209 "Net-(U1-Pad47)")
  (net 210 "Net-(U1-Pad48)")
  (net 211 "Net-(U1-Pad51)")
  (net 212 "Net-(U1-Pad52)")
  (net 213 "Net-(U1-Pad53)")
  (net 214 "Net-(U1-Pad54)")
  (net 215 "Net-(U1-Pad55)")
  (net 216 "Net-(U1-Pad56)")
  (net 217 "Net-(U1-Pad57)")
  (net 218 "Net-(U1-Pad58)")
  (net 219 "Net-(U1-Pad59)")
  (net 220 "Net-(U1-Pad60)")
  (net 221 "Net-(U1-Pad63)")
  (net 222 "Net-(U1-Pad64)")
  (net 223 "Net-(U1-Pad65)")
  (net 224 "Net-(U1-Pad66)")
  (net 225 "Net-(U1-Pad67)")
  (net 226 "Net-(U1-Pad68)")
  (net 227 "Net-(U1-Pad69)")
  (net 228 "Net-(U1-Pad70)")
  (net 229 "Net-(U1-Pad79)")
  (net 230 "Net-(U1-Pad82)")
  (net 231 "Net-(U1-Pad83)")
  (net 232 "Net-(U1-Pad84)")
  (net 233 "Net-(U1-Pad85)")
  (net 234 "Net-(U1-Pad86)")
  (net 235 "Net-(U1-Pad87)")
  (net 236 "Net-(U1-Pad88)")
  (net 237 "Net-(U1-Pad89)")
  (net 238 "Net-(U1-Pad90)")
  (net 239 "Net-(U1-Pad91)")
  (net 240 "Net-(U1-Pad92)")
  (net 241 "Net-(U1-Pad93)")
  (net 242 "Net-(U1-Pad94)")
  (net 243 "Net-(U1-Pad95)")
  (net 244 /ICSP_MISO)
  (net 245 /ICSP_SCK)
  (net 246 /ICSP_MOSI)
  (net 247 "Net-(Y2-Pad2)")

  (net_class Default "Ceci est la Netclass par défaut."
    (clearance 0.1)
    (trace_width 0.25)
    (via_dia 0.8)
    (via_drill 0.4)
    (uvia_dia 0.3)
    (uvia_drill 0.1)
    (add_net +12V)
    (add_net +1V8)
    (add_net +3.3VA)
    (add_net +3V3)
    (add_net +5V)
    (add_net +5VA)
    (add_net +BATT)
    (add_net /ADC_0)
    (add_net /ADC_1)
    (add_net /COUNTER_0)
    (add_net /COUNTER_1)
    (add_net /CS_ETH)
    (add_net /CS_SDCARD)
    (add_net /Ethernet/LINKLED)
    (add_net /Ethernet/RX+)
    (add_net /Ethernet/RX-)
    (add_net /Ethernet/SPDLED)
    (add_net /Ethernet/TX+)
    (add_net /Ethernet/TX-)
    (add_net /Ethernet/V1+)
    (add_net /Ethernet/V1-)
    (add_net /Ethernet/V2+)
    (add_net /Ethernet/V2-)
    (add_net /ICSP_MISO)
    (add_net /ICSP_MOSI)
    (add_net /ICSP_SCK)
    (add_net /ITOR_0)
    (add_net /ITOR_1)
    (add_net /ITOR_2)
    (add_net /ITOR_3)
    (add_net /ITOR_4)
    (add_net /ITOR_5)
    (add_net /ITOR_6)
    (add_net /ITOR_7)
    (add_net /LED_TELEINFO)
    (add_net /MISO)
    (add_net /MOSI)
    (add_net /PCINT5)
    (add_net /RST)
    (add_net /RXD0)
    (add_net /RXD1)
    (add_net /SCK)
    (add_net /SCL)
    (add_net /SDA)
    (add_net /STOR_0)
    (add_net /STOR_1)
    (add_net /STOR_2)
    (add_net /STOR_3)
    (add_net /STOR_4)
    (add_net /STOR_5)
    (add_net /STOR_6)
    (add_net /STOR_7)
    (add_net /TXD0)
    (add_net Earth)
    (add_net "Net-(C20-Pad1)")
    (add_net "Net-(C21-Pad1)")
    (add_net "Net-(C23-Pad2)")
    (add_net "Net-(C24-Pad2)")
    (add_net "Net-(C3-Pad2)")
    (add_net "Net-(C31-Pad2)")
    (add_net "Net-(C32-Pad2)")
    (add_net "Net-(C4-Pad2)")
    (add_net "Net-(C8-Pad1)")
    (add_net "Net-(D10-Pad1)")
    (add_net "Net-(D11-Pad1)")
    (add_net "Net-(D12-Pad1)")
    (add_net "Net-(D13-Pad1)")
    (add_net "Net-(D14-Pad1)")
    (add_net "Net-(D15-Pad1)")
    (add_net "Net-(D16-Pad1)")
    (add_net "Net-(D17-Pad1)")
    (add_net "Net-(D18-Pad1)")
    (add_net "Net-(D19-Pad1)")
    (add_net "Net-(D2-Pad1)")
    (add_net "Net-(D2-Pad2)")
    (add_net "Net-(D20-Pad1)")
    (add_net "Net-(D21-Pad1)")
    (add_net "Net-(D22-Pad1)")
    (add_net "Net-(D23-Pad1)")
    (add_net "Net-(D24-Pad1)")
    (add_net "Net-(D25-Pad1)")
    (add_net "Net-(D26-Pad1)")
    (add_net "Net-(D27-Pad1)")
    (add_net "Net-(D28-Pad1)")
    (add_net "Net-(D29-Pad1)")
    (add_net "Net-(D3-Pad1)")
    (add_net "Net-(D3-Pad2)")
    (add_net "Net-(D4-Pad1)")
    (add_net "Net-(D5-Pad1)")
    (add_net "Net-(D6-Pad1)")
    (add_net "Net-(D7-Pad1)")
    (add_net "Net-(D8-Pad1)")
    (add_net "Net-(D9-Pad1)")
    (add_net "Net-(FB3-Pad2)")
    (add_net "Net-(J10-Pad1)")
    (add_net "Net-(J10-Pad8)")
    (add_net "Net-(J11-Pad10)")
    (add_net "Net-(J11-Pad12)")
    (add_net "Net-(J12-Pad1)")
    (add_net "Net-(J12-Pad2)")
    (add_net "Net-(J12-Pad3)")
    (add_net "Net-(J13-Pad1)")
    (add_net "Net-(J13-Pad2)")
    (add_net "Net-(J13-Pad3)")
    (add_net "Net-(J14-Pad1)")
    (add_net "Net-(J14-Pad2)")
    (add_net "Net-(J14-Pad3)")
    (add_net "Net-(J15-Pad1)")
    (add_net "Net-(J15-Pad2)")
    (add_net "Net-(J15-Pad3)")
    (add_net "Net-(J16-Pad1)")
    (add_net "Net-(J16-Pad2)")
    (add_net "Net-(J16-Pad3)")
    (add_net "Net-(J17-Pad1)")
    (add_net "Net-(J17-Pad2)")
    (add_net "Net-(J17-Pad3)")
    (add_net "Net-(J18-Pad1)")
    (add_net "Net-(J18-Pad2)")
    (add_net "Net-(J18-Pad3)")
    (add_net "Net-(J19-Pad1)")
    (add_net "Net-(J19-Pad2)")
    (add_net "Net-(J19-Pad3)")
    (add_net "Net-(J20-Pad2)")
    (add_net "Net-(J21-Pad2)")
    (add_net "Net-(J22-Pad2)")
    (add_net "Net-(J23-Pad2)")
    (add_net "Net-(J24-Pad2)")
    (add_net "Net-(J25-Pad1)")
    (add_net "Net-(J26-Pad1)")
    (add_net "Net-(J27-Pad2)")
    (add_net "Net-(J28-Pad2)")
    (add_net "Net-(J29-Pad2)")
    (add_net "Net-(J30-Pad2)")
    (add_net "Net-(J31-Pad1)")
    (add_net "Net-(J31-Pad2)")
    (add_net "Net-(J32-Pad2)")
    (add_net "Net-(J33-Pad1)")
    (add_net "Net-(J33-Pad4)")
    (add_net "Net-(Q9-Pad1)")
    (add_net "Net-(R14-Pad1)")
    (add_net "Net-(R15-Pad1)")
    (add_net "Net-(R15-Pad2)")
    (add_net "Net-(R28-Pad1)")
    (add_net "Net-(R29-Pad1)")
    (add_net "Net-(R3-Pad1)")
    (add_net "Net-(R3-Pad2)")
    (add_net "Net-(R30-Pad1)")
    (add_net "Net-(R31-Pad1)")
    (add_net "Net-(R32-Pad1)")
    (add_net "Net-(R38-Pad2)")
    (add_net "Net-(R39-Pad2)")
    (add_net "Net-(R42-Pad1)")
    (add_net "Net-(R43-Pad1)")
    (add_net "Net-(R44-Pad1)")
    (add_net "Net-(R48-Pad2)")
    (add_net "Net-(R49-Pad1)")
    (add_net "Net-(R5-Pad2)")
    (add_net "Net-(R50-Pad1)")
    (add_net "Net-(R52-Pad1)")
    (add_net "Net-(R54-Pad1)")
    (add_net "Net-(R59-Pad2)")
    (add_net "Net-(R6-Pad2)")
    (add_net "Net-(R60-Pad1)")
    (add_net "Net-(R7-Pad1)")
    (add_net "Net-(R7-Pad2)")
    (add_net "Net-(U1-Pad1)")
    (add_net "Net-(U1-Pad12)")
    (add_net "Net-(U1-Pad13)")
    (add_net "Net-(U1-Pad14)")
    (add_net "Net-(U1-Pad15)")
    (add_net "Net-(U1-Pad16)")
    (add_net "Net-(U1-Pad17)")
    (add_net "Net-(U1-Pad18)")
    (add_net "Net-(U1-Pad25)")
    (add_net "Net-(U1-Pad26)")
    (add_net "Net-(U1-Pad27)")
    (add_net "Net-(U1-Pad28)")
    (add_net "Net-(U1-Pad29)")
    (add_net "Net-(U1-Pad4)")
    (add_net "Net-(U1-Pad47)")
    (add_net "Net-(U1-Pad48)")
    (add_net "Net-(U1-Pad5)")
    (add_net "Net-(U1-Pad51)")
    (add_net "Net-(U1-Pad52)")
    (add_net "Net-(U1-Pad53)")
    (add_net "Net-(U1-Pad54)")
    (add_net "Net-(U1-Pad55)")
    (add_net "Net-(U1-Pad56)")
    (add_net "Net-(U1-Pad57)")
    (add_net "Net-(U1-Pad58)")
    (add_net "Net-(U1-Pad59)")
    (add_net "Net-(U1-Pad6)")
    (add_net "Net-(U1-Pad60)")
    (add_net "Net-(U1-Pad63)")
    (add_net "Net-(U1-Pad64)")
    (add_net "Net-(U1-Pad65)")
    (add_net "Net-(U1-Pad66)")
    (add_net "Net-(U1-Pad67)")
    (add_net "Net-(U1-Pad68)")
    (add_net "Net-(U1-Pad69)")
    (add_net "Net-(U1-Pad7)")
    (add_net "Net-(U1-Pad70)")
    (add_net "Net-(U1-Pad79)")
    (add_net "Net-(U1-Pad8)")
    (add_net "Net-(U1-Pad82)")
    (add_net "Net-(U1-Pad83)")
    (add_net "Net-(U1-Pad84)")
    (add_net "Net-(U1-Pad85)")
    (add_net "Net-(U1-Pad86)")
    (add_net "Net-(U1-Pad87)")
    (add_net "Net-(U1-Pad88)")
    (add_net "Net-(U1-Pad89)")
    (add_net "Net-(U1-Pad9)")
    (add_net "Net-(U1-Pad90)")
    (add_net "Net-(U1-Pad91)")
    (add_net "Net-(U1-Pad92)")
    (add_net "Net-(U1-Pad93)")
    (add_net "Net-(U1-Pad94)")
    (add_net "Net-(U1-Pad95)")
    (add_net "Net-(U19-Pad1)")
    (add_net "Net-(U19-Pad2)")
    (add_net "Net-(U19-Pad7)")
    (add_net "Net-(U20-Pad4)")
    (add_net "Net-(U22-Pad10)")
    (add_net "Net-(U22-Pad11)")
    (add_net "Net-(U22-Pad12)")
    (add_net "Net-(U22-Pad13)")
    (add_net "Net-(U22-Pad14)")
    (add_net "Net-(U22-Pad17)")
    (add_net "Net-(U22-Pad2)")
    (add_net "Net-(U22-Pad22)")
    (add_net "Net-(U22-Pad23)")
    (add_net "Net-(U22-Pad27)")
    (add_net "Net-(U22-Pad28)")
    (add_net "Net-(U22-Pad3)")
    (add_net "Net-(U22-Pad6)")
    (add_net "Net-(U22-Pad9)")
    (add_net "Net-(U6-Pad3)")
    (add_net "Net-(U6-Pad60)")
    (add_net "Net-(U6-Pad61)")
    (add_net "Net-(U6-Pad62)")
    (add_net "Net-(U6-Pad70)")
    (add_net "Net-(U6-Pad71)")
    (add_net "Net-(U6-Pad78)")
    (add_net "Net-(U6-Pad79)")
    (add_net "Net-(U6-Pad80)")
    (add_net "Net-(Y2-Pad2)")
  )

  (module Connector_PinHeader_2.54mm:PinHeader_2x03_P2.54mm_Vertical (layer F.Cu) (tedit 59FED5CC) (tstamp 5DB4211A)
    (at 107.3912 121.2723 270)
    (descr "Through hole straight pin header, 2x03, 2.54mm pitch, double rows")
    (tags "Through hole pin header THT 2x03 2.54mm double row")
    (path /5D00B928)
    (fp_text reference J9 (at 1.27 -2.33) (layer F.SilkS)
      (effects (font (size 1 1) (thickness 0.15)))
    )
    (fp_text value ICSP (at 1.27 7.41 270) (layer F.Fab)
      (effects (font (size 1 1) (thickness 0.15)))
    )
    (fp_line (start 0 -1.27) (end 3.81 -1.27) (layer F.Fab) (width 0.1))
    (fp_line (start 3.81 -1.27) (end 3.81 6.35) (layer F.Fab) (width 0.1))
    (fp_line (start 3.81 6.35) (end -1.27 6.35) (layer F.Fab) (width 0.1))
    (fp_line (start -1.27 6.35) (end -1.27 0) (layer F.Fab) (width 0.1))
    (fp_line (start -1.27 0) (end 0 -1.27) (layer F.Fab) (width 0.1))
    (fp_line (start -1.33 6.41) (end 3.87 6.41) (layer F.SilkS) (width 0.12))
    (fp_line (start -1.33 1.27) (end -1.33 6.41) (layer F.SilkS) (width 0.12))
    (fp_line (start 3.87 -1.33) (end 3.87 6.41) (layer F.SilkS) (width 0.12))
    (fp_line (start -1.33 1.27) (end 1.27 1.27) (layer F.SilkS) (width 0.12))
    (fp_line (start 1.27 1.27) (end 1.27 -1.33) (layer F.SilkS) (width 0.12))
    (fp_line (start 1.27 -1.33) (end 3.87 -1.33) (layer F.SilkS) (width 0.12))
    (fp_line (start -1.33 0) (end -1.33 -1.33) (layer F.SilkS) (width 0.12))
    (fp_line (start -1.33 -1.33) (end 0 -1.33) (layer F.SilkS) (width 0.12))
    (fp_line (start -1.8 -1.8) (end -1.8 6.85) (layer F.CrtYd) (width 0.05))
    (fp_line (start -1.8 6.85) (end 4.35 6.85) (layer F.CrtYd) (width 0.05))
    (fp_line (start 4.35 6.85) (end 4.35 -1.8) (layer F.CrtYd) (width 0.05))
    (fp_line (start 4.35 -1.8) (end -1.8 -1.8) (layer F.CrtYd) (width 0.05))
    (fp_text user %R (at 1.27 2.54) (layer F.Fab)
      (effects (font (size 1 1) (thickness 0.15)))
    )
    (pad 1 thru_hole rect (at 0 0 270) (size 1.7 1.7) (drill 1) (layers *.Cu *.Mask)
      (net 244 /ICSP_MISO))
    (pad 2 thru_hole oval (at 2.54 0 270) (size 1.7 1.7) (drill 1) (layers *.Cu *.Mask)
      (net 34 +5V))
    (pad 3 thru_hole oval (at 0 2.54 270) (size 1.7 1.7) (drill 1) (layers *.Cu *.Mask)
      (net 245 /ICSP_SCK))
    (pad 4 thru_hole oval (at 2.54 2.54 270) (size 1.7 1.7) (drill 1) (layers *.Cu *.Mask)
      (net 246 /ICSP_MOSI))
    (pad 5 thru_hole oval (at 0 5.08 270) (size 1.7 1.7) (drill 1) (layers *.Cu *.Mask)
      (net 63 /RST))
    (pad 6 thru_hole oval (at 2.54 5.08 270) (size 1.7 1.7) (drill 1) (layers *.Cu *.Mask)
      (net 35 Earth))
    (model ${KISYS3DMOD}/Connector_PinHeader_2.54mm.3dshapes/PinHeader_2x03_P2.54mm_Vertical.wrl
      (at (xyz 0 0 0))
      (scale (xyz 1 1 1))
      (rotate (xyz 0 0 0))
    )
  )

  (module Capacitor_SMD:C_0603_1608Metric (layer F.Cu) (tedit 5B301BBE) (tstamp 5DBCE467)
    (at 130.0861 100.495 90)
    (descr "Capacitor SMD 0603 (1608 Metric), square (rectangular) end terminal, IPC_7351 nominal, (Body size source: http://www.tortai-tech.com/upload/download/2011102023233369053.pdf), generated with kicad-footprint-generator")
    (tags capacitor)
    (path /5CFA6BDE/5DB02791)
    (attr smd)
    (fp_text reference C36 (at -3.175 0.0889) (layer F.SilkS)
      (effects (font (size 1 1) (thickness 0.15)))
    )
    (fp_text value 100nF (at 0 1.43 90) (layer F.Fab)
      (effects (font (size 1 1) (thickness 0.15)))
    )
    (fp_line (start -0.8 0.4) (end -0.8 -0.4) (layer F.Fab) (width 0.1))
    (fp_line (start -0.8 -0.4) (end 0.8 -0.4) (layer F.Fab) (width 0.1))
    (fp_line (start 0.8 -0.4) (end 0.8 0.4) (layer F.Fab) (width 0.1))
    (fp_line (start 0.8 0.4) (end -0.8 0.4) (layer F.Fab) (width 0.1))
    (fp_line (start -0.162779 -0.51) (end 0.162779 -0.51) (layer F.SilkS) (width 0.12))
    (fp_line (start -0.162779 0.51) (end 0.162779 0.51) (layer F.SilkS) (width 0.12))
    (fp_line (start -1.48 0.73) (end -1.48 -0.73) (layer F.CrtYd) (width 0.05))
    (fp_line (start -1.48 -0.73) (end 1.48 -0.73) (layer F.CrtYd) (width 0.05))
    (fp_line (start 1.48 -0.73) (end 1.48 0.73) (layer F.CrtYd) (width 0.05))
    (fp_line (start 1.48 0.73) (end -1.48 0.73) (layer F.CrtYd) (width 0.05))
    (fp_text user %R (at 0 0 90) (layer F.Fab)
      (effects (font (size 0.4 0.4) (thickness 0.06)))
    )
    (pad 1 smd roundrect (at -0.7875 0 90) (size 0.875 0.95) (layers F.Cu F.Paste F.Mask) (roundrect_rratio 0.25)
      (net 34 +5V))
    (pad 2 smd roundrect (at 0.7875 0 90) (size 0.875 0.95) (layers F.Cu F.Paste F.Mask) (roundrect_rratio 0.25)
      (net 35 Earth))
    (model ${KISYS3DMOD}/Capacitor_SMD.3dshapes/C_0603_1608Metric.wrl
      (at (xyz 0 0 0))
      (scale (xyz 1 1 1))
      (rotate (xyz 0 0 0))
    )
  )

  (module Crystal:Crystal_SMD_2016-4Pin_2.0x1.6mm (layer F.Cu) (tedit 5A0FD1B2) (tstamp 5DBD4E81)
    (at 128.1557 82.8675 270)
    (descr "SMD Crystal SERIES SMD2016/4 http://www.q-crystal.com/upload/5/2015552223166229.pdf, 2.0x1.6mm^2 package")
    (tags "SMD SMT crystal")
    (path /5CF6B4B0/5DC2849F)
    (attr smd)
    (fp_text reference Y2 (at 0 -2 270) (layer F.SilkS)
      (effects (font (size 1 1) (thickness 0.15)))
    )
    (fp_text value 25MHz (at 0 2 270) (layer F.Fab)
      (effects (font (size 1 1) (thickness 0.15)))
    )
    (fp_text user %R (at 0 0 270) (layer F.Fab)
      (effects (font (size 0.5 0.5) (thickness 0.075)))
    )
    (fp_line (start -0.9 -0.8) (end 0.9 -0.8) (layer F.Fab) (width 0.1))
    (fp_line (start 0.9 -0.8) (end 1 -0.7) (layer F.Fab) (width 0.1))
    (fp_line (start 1 -0.7) (end 1 0.7) (layer F.Fab) (width 0.1))
    (fp_line (start 1 0.7) (end 0.9 0.8) (layer F.Fab) (width 0.1))
    (fp_line (start 0.9 0.8) (end -0.9 0.8) (layer F.Fab) (width 0.1))
    (fp_line (start -0.9 0.8) (end -1 0.7) (layer F.Fab) (width 0.1))
    (fp_line (start -1 0.7) (end -1 -0.7) (layer F.Fab) (width 0.1))
    (fp_line (start -1 -0.7) (end -0.9 -0.8) (layer F.Fab) (width 0.1))
    (fp_line (start -1 0.3) (end -0.5 0.8) (layer F.Fab) (width 0.1))
    (fp_line (start -1.35 -1.15) (end -1.35 1.15) (layer F.SilkS) (width 0.12))
    (fp_line (start -1.35 1.15) (end 1.35 1.15) (layer F.SilkS) (width 0.12))
    (fp_line (start -1.4 -1.3) (end -1.4 1.3) (layer F.CrtYd) (width 0.05))
    (fp_line (start -1.4 1.3) (end 1.4 1.3) (layer F.CrtYd) (width 0.05))
    (fp_line (start 1.4 1.3) (end 1.4 -1.3) (layer F.CrtYd) (width 0.05))
    (fp_line (start 1.4 -1.3) (end -1.4 -1.3) (layer F.CrtYd) (width 0.05))
    (pad 1 smd rect (at -0.7 0.55 270) (size 0.9 0.8) (layers F.Cu F.Paste F.Mask)
      (net 115 "Net-(C23-Pad2)"))
    (pad 2 smd rect (at 0.7 0.55 270) (size 0.9 0.8) (layers F.Cu F.Paste F.Mask)
      (net 247 "Net-(Y2-Pad2)"))
    (pad 3 smd rect (at 0.7 -0.55 270) (size 0.9 0.8) (layers F.Cu F.Paste F.Mask)
      (net 114 "Net-(C24-Pad2)"))
    (pad 4 smd rect (at -0.7 -0.55 270) (size 0.9 0.8) (layers F.Cu F.Paste F.Mask))
    (model ${KISYS3DMOD}/Crystal.3dshapes/Crystal_SMD_2016-4Pin_2.0x1.6mm.wrl
      (at (xyz 0 0 0))
      (scale (xyz 1 1 1))
      (rotate (xyz 0 0 0))
    )
  )

  (module Crystal:Crystal_SMD_3215-2Pin_3.2x1.5mm (layer B.Cu) (tedit 5A0FD1B2) (tstamp 5DBCE5AF)
    (at 133.4897 131.2037 45)
    (descr "SMD Crystal FC-135 https://support.epson.biz/td/api/doc_check.php?dl=brief_FC-135R_en.pdf")
    (tags "SMD SMT Crystal")
    (path /5E22A2CE)
    (attr smd)
    (fp_text reference Y3 (at 0 2 45) (layer B.SilkS)
      (effects (font (size 1 1) (thickness 0.15)) (justify mirror))
    )
    (fp_text value 32.768KHz (at 0 -2 45) (layer B.Fab)
      (effects (font (size 1 1) (thickness 0.15)) (justify mirror))
    )
    (fp_text user %R (at 0 2 45) (layer B.Fab)
      (effects (font (size 1 1) (thickness 0.15)) (justify mirror))
    )
    (fp_line (start -2 1.15) (end 2 1.15) (layer B.CrtYd) (width 0.05))
    (fp_line (start -1.6 0.75) (end -1.6 -0.75) (layer B.Fab) (width 0.1))
    (fp_line (start -0.675 -0.875) (end 0.675 -0.875) (layer B.SilkS) (width 0.12))
    (fp_line (start -0.675 0.875) (end 0.675 0.875) (layer B.SilkS) (width 0.12))
    (fp_line (start 1.6 0.75) (end 1.6 -0.75) (layer B.Fab) (width 0.1))
    (fp_line (start -1.6 0.75) (end 1.6 0.75) (layer B.Fab) (width 0.1))
    (fp_line (start -1.6 -0.75) (end 1.6 -0.75) (layer B.Fab) (width 0.1))
    (fp_line (start -2 -1.15) (end 2 -1.15) (layer B.CrtYd) (width 0.05))
    (fp_line (start -2 1.15) (end -2 -1.15) (layer B.CrtYd) (width 0.05))
    (fp_line (start 2 1.15) (end 2 -1.15) (layer B.CrtYd) (width 0.05))
    (pad 1 smd rect (at 1.249999 0 45) (size 1 1.8) (layers B.Cu B.Paste B.Mask)
      (net 119 "Net-(U19-Pad1)"))
    (pad 2 smd rect (at -1.249999 0 45) (size 1 1.8) (layers B.Cu B.Paste B.Mask)
      (net 120 "Net-(U19-Pad2)"))
    (model ${KISYS3DMOD}/Crystal.3dshapes/Crystal_SMD_3215-2Pin_3.2x1.5mm.wrl
      (at (xyz 0 0 0))
      (scale (xyz 1 1 1))
      (rotate (xyz 0 0 0))
    )
  )

  (module Resistor_SMD:R_0603_1608Metric (layer F.Cu) (tedit 5B301BBD) (tstamp 5DBCCF8E)
    (at 93.3705 162.6997 180)
    (descr "Resistor SMD 0603 (1608 Metric), square (rectangular) end terminal, IPC_7351 nominal, (Body size source: http://www.tortai-tech.com/upload/download/2011102023233369053.pdf), generated with kicad-footprint-generator")
    (tags resistor)
    (path /5CF96D09/5DBE4D48)
    (attr smd)
    (fp_text reference R58 (at 0 -1.43 180) (layer F.SilkS)
      (effects (font (size 1 1) (thickness 0.15)))
    )
    (fp_text value 10K (at 0 1.43 180) (layer F.Fab)
      (effects (font (size 1 1) (thickness 0.15)))
    )
    (fp_text user %R (at 0 0 180) (layer F.Fab)
      (effects (font (size 0.4 0.4) (thickness 0.06)))
    )
    (fp_line (start 1.48 0.73) (end -1.48 0.73) (layer F.CrtYd) (width 0.05))
    (fp_line (start 1.48 -0.73) (end 1.48 0.73) (layer F.CrtYd) (width 0.05))
    (fp_line (start -1.48 -0.73) (end 1.48 -0.73) (layer F.CrtYd) (width 0.05))
    (fp_line (start -1.48 0.73) (end -1.48 -0.73) (layer F.CrtYd) (width 0.05))
    (fp_line (start -0.162779 0.51) (end 0.162779 0.51) (layer F.SilkS) (width 0.12))
    (fp_line (start -0.162779 -0.51) (end 0.162779 -0.51) (layer F.SilkS) (width 0.12))
    (fp_line (start 0.8 0.4) (end -0.8 0.4) (layer F.Fab) (width 0.1))
    (fp_line (start 0.8 -0.4) (end 0.8 0.4) (layer F.Fab) (width 0.1))
    (fp_line (start -0.8 -0.4) (end 0.8 -0.4) (layer F.Fab) (width 0.1))
    (fp_line (start -0.8 0.4) (end -0.8 -0.4) (layer F.Fab) (width 0.1))
    (pad 2 smd roundrect (at 0.7875 0 180) (size 0.875 0.95) (layers F.Cu F.Paste F.Mask) (roundrect_rratio 0.25)
      (net 35 Earth))
    (pad 1 smd roundrect (at -0.7875 0 180) (size 0.875 0.95) (layers F.Cu F.Paste F.Mask) (roundrect_rratio 0.25)
      (net 80 /STOR_6))
    (model ${KISYS3DMOD}/Resistor_SMD.3dshapes/R_0603_1608Metric.wrl
      (at (xyz 0 0 0))
      (scale (xyz 1 1 1))
      (rotate (xyz 0 0 0))
    )
  )

  (module Resistor_SMD:R_0603_1608Metric (layer F.Cu) (tedit 5B301BBD) (tstamp 5DBCCEDD)
    (at 93.4084 148.717 180)
    (descr "Resistor SMD 0603 (1608 Metric), square (rectangular) end terminal, IPC_7351 nominal, (Body size source: http://www.tortai-tech.com/upload/download/2011102023233369053.pdf), generated with kicad-footprint-generator")
    (tags resistor)
    (path /5CF96D09/5DBDEF01)
    (attr smd)
    (fp_text reference R57 (at 0 -1.43 180) (layer F.SilkS)
      (effects (font (size 1 1) (thickness 0.15)))
    )
    (fp_text value 10K (at 0 1.43 180) (layer F.Fab)
      (effects (font (size 1 1) (thickness 0.15)))
    )
    (fp_line (start -0.8 0.4) (end -0.8 -0.4) (layer F.Fab) (width 0.1))
    (fp_line (start -0.8 -0.4) (end 0.8 -0.4) (layer F.Fab) (width 0.1))
    (fp_line (start 0.8 -0.4) (end 0.8 0.4) (layer F.Fab) (width 0.1))
    (fp_line (start 0.8 0.4) (end -0.8 0.4) (layer F.Fab) (width 0.1))
    (fp_line (start -0.162779 -0.51) (end 0.162779 -0.51) (layer F.SilkS) (width 0.12))
    (fp_line (start -0.162779 0.51) (end 0.162779 0.51) (layer F.SilkS) (width 0.12))
    (fp_line (start -1.48 0.73) (end -1.48 -0.73) (layer F.CrtYd) (width 0.05))
    (fp_line (start -1.48 -0.73) (end 1.48 -0.73) (layer F.CrtYd) (width 0.05))
    (fp_line (start 1.48 -0.73) (end 1.48 0.73) (layer F.CrtYd) (width 0.05))
    (fp_line (start 1.48 0.73) (end -1.48 0.73) (layer F.CrtYd) (width 0.05))
    (fp_text user %R (at 0 0 180) (layer F.Fab)
      (effects (font (size 0.4 0.4) (thickness 0.06)))
    )
    (pad 1 smd roundrect (at -0.7875 0 180) (size 0.875 0.95) (layers F.Cu F.Paste F.Mask) (roundrect_rratio 0.25)
      (net 83 /STOR_3))
    (pad 2 smd roundrect (at 0.7875 0 180) (size 0.875 0.95) (layers F.Cu F.Paste F.Mask) (roundrect_rratio 0.25)
      (net 35 Earth))
    (model ${KISYS3DMOD}/Resistor_SMD.3dshapes/R_0603_1608Metric.wrl
      (at (xyz 0 0 0))
      (scale (xyz 1 1 1))
      (rotate (xyz 0 0 0))
    )
  )

  (module Resistor_SMD:R_0603_1608Metric (layer F.Cu) (tedit 5B301BBD) (tstamp 5DBCCE2C)
    (at 110.909 169.5323)
    (descr "Resistor SMD 0603 (1608 Metric), square (rectangular) end terminal, IPC_7351 nominal, (Body size source: http://www.tortai-tech.com/upload/download/2011102023233369053.pdf), generated with kicad-footprint-generator")
    (tags resistor)
    (path /5CF96D09/5DBEB02F)
    (attr smd)
    (fp_text reference R65 (at 0 -1.43) (layer F.SilkS)
      (effects (font (size 1 1) (thickness 0.15)))
    )
    (fp_text value 10K (at 0 1.43) (layer F.Fab)
      (effects (font (size 1 1) (thickness 0.15)))
    )
    (fp_text user %R (at 0 0) (layer F.Fab)
      (effects (font (size 0.4 0.4) (thickness 0.06)))
    )
    (fp_line (start 1.48 0.73) (end -1.48 0.73) (layer F.CrtYd) (width 0.05))
    (fp_line (start 1.48 -0.73) (end 1.48 0.73) (layer F.CrtYd) (width 0.05))
    (fp_line (start -1.48 -0.73) (end 1.48 -0.73) (layer F.CrtYd) (width 0.05))
    (fp_line (start -1.48 0.73) (end -1.48 -0.73) (layer F.CrtYd) (width 0.05))
    (fp_line (start -0.162779 0.51) (end 0.162779 0.51) (layer F.SilkS) (width 0.12))
    (fp_line (start -0.162779 -0.51) (end 0.162779 -0.51) (layer F.SilkS) (width 0.12))
    (fp_line (start 0.8 0.4) (end -0.8 0.4) (layer F.Fab) (width 0.1))
    (fp_line (start 0.8 -0.4) (end 0.8 0.4) (layer F.Fab) (width 0.1))
    (fp_line (start -0.8 -0.4) (end 0.8 -0.4) (layer F.Fab) (width 0.1))
    (fp_line (start -0.8 0.4) (end -0.8 -0.4) (layer F.Fab) (width 0.1))
    (pad 2 smd roundrect (at 0.7875 0) (size 0.875 0.95) (layers F.Cu F.Paste F.Mask) (roundrect_rratio 0.25)
      (net 35 Earth))
    (pad 1 smd roundrect (at -0.7875 0) (size 0.875 0.95) (layers F.Cu F.Paste F.Mask) (roundrect_rratio 0.25)
      (net 79 /STOR_7))
    (model ${KISYS3DMOD}/Resistor_SMD.3dshapes/R_0603_1608Metric.wrl
      (at (xyz 0 0 0))
      (scale (xyz 1 1 1))
      (rotate (xyz 0 0 0))
    )
  )

  (module Resistor_SMD:R_0603_1608Metric (layer F.Cu) (tedit 5B301BBD) (tstamp 5DBCCCCB)
    (at 93.3958 176.657 180)
    (descr "Resistor SMD 0603 (1608 Metric), square (rectangular) end terminal, IPC_7351 nominal, (Body size source: http://www.tortai-tech.com/upload/download/2011102023233369053.pdf), generated with kicad-footprint-generator")
    (tags resistor)
    (path /5CF96D09/5DBC8B1A)
    (attr smd)
    (fp_text reference R62 (at 0 -1.43 180) (layer F.SilkS)
      (effects (font (size 1 1) (thickness 0.15)))
    )
    (fp_text value 10K (at 0 1.43 180) (layer F.Fab)
      (effects (font (size 1 1) (thickness 0.15)))
    )
    (fp_line (start -0.8 0.4) (end -0.8 -0.4) (layer F.Fab) (width 0.1))
    (fp_line (start -0.8 -0.4) (end 0.8 -0.4) (layer F.Fab) (width 0.1))
    (fp_line (start 0.8 -0.4) (end 0.8 0.4) (layer F.Fab) (width 0.1))
    (fp_line (start 0.8 0.4) (end -0.8 0.4) (layer F.Fab) (width 0.1))
    (fp_line (start -0.162779 -0.51) (end 0.162779 -0.51) (layer F.SilkS) (width 0.12))
    (fp_line (start -0.162779 0.51) (end 0.162779 0.51) (layer F.SilkS) (width 0.12))
    (fp_line (start -1.48 0.73) (end -1.48 -0.73) (layer F.CrtYd) (width 0.05))
    (fp_line (start -1.48 -0.73) (end 1.48 -0.73) (layer F.CrtYd) (width 0.05))
    (fp_line (start 1.48 -0.73) (end 1.48 0.73) (layer F.CrtYd) (width 0.05))
    (fp_line (start 1.48 0.73) (end -1.48 0.73) (layer F.CrtYd) (width 0.05))
    (fp_text user %R (at 0 0 180) (layer F.Fab)
      (effects (font (size 0.4 0.4) (thickness 0.06)))
    )
    (pad 1 smd roundrect (at -0.7875 0 180) (size 0.875 0.95) (layers F.Cu F.Paste F.Mask) (roundrect_rratio 0.25)
      (net 86 /STOR_0))
    (pad 2 smd roundrect (at 0.7875 0 180) (size 0.875 0.95) (layers F.Cu F.Paste F.Mask) (roundrect_rratio 0.25)
      (net 35 Earth))
    (model ${KISYS3DMOD}/Resistor_SMD.3dshapes/R_0603_1608Metric.wrl
      (at (xyz 0 0 0))
      (scale (xyz 1 1 1))
      (rotate (xyz 0 0 0))
    )
  )

  (module Resistor_SMD:R_0603_1608Metric (layer F.Cu) (tedit 5B301BBD) (tstamp 5DBCCCBA)
    (at 93.3958 190.627 180)
    (descr "Resistor SMD 0603 (1608 Metric), square (rectangular) end terminal, IPC_7351 nominal, (Body size source: http://www.tortai-tech.com/upload/download/2011102023233369053.pdf), generated with kicad-footprint-generator")
    (tags resistor)
    (path /5CF96D09/5DBF7609)
    (attr smd)
    (fp_text reference R63 (at 0 -1.43 180) (layer F.SilkS)
      (effects (font (size 1 1) (thickness 0.15)))
    )
    (fp_text value 10K (at 0 1.43 180) (layer F.Fab)
      (effects (font (size 1 1) (thickness 0.15)))
    )
    (fp_text user %R (at 0 0 180) (layer F.Fab)
      (effects (font (size 0.4 0.4) (thickness 0.06)))
    )
    (fp_line (start 1.48 0.73) (end -1.48 0.73) (layer F.CrtYd) (width 0.05))
    (fp_line (start 1.48 -0.73) (end 1.48 0.73) (layer F.CrtYd) (width 0.05))
    (fp_line (start -1.48 -0.73) (end 1.48 -0.73) (layer F.CrtYd) (width 0.05))
    (fp_line (start -1.48 0.73) (end -1.48 -0.73) (layer F.CrtYd) (width 0.05))
    (fp_line (start -0.162779 0.51) (end 0.162779 0.51) (layer F.SilkS) (width 0.12))
    (fp_line (start -0.162779 -0.51) (end 0.162779 -0.51) (layer F.SilkS) (width 0.12))
    (fp_line (start 0.8 0.4) (end -0.8 0.4) (layer F.Fab) (width 0.1))
    (fp_line (start 0.8 -0.4) (end 0.8 0.4) (layer F.Fab) (width 0.1))
    (fp_line (start -0.8 -0.4) (end 0.8 -0.4) (layer F.Fab) (width 0.1))
    (fp_line (start -0.8 0.4) (end -0.8 -0.4) (layer F.Fab) (width 0.1))
    (pad 2 smd roundrect (at 0.7875 0 180) (size 0.875 0.95) (layers F.Cu F.Paste F.Mask) (roundrect_rratio 0.25)
      (net 35 Earth))
    (pad 1 smd roundrect (at -0.7875 0 180) (size 0.875 0.95) (layers F.Cu F.Paste F.Mask) (roundrect_rratio 0.25)
      (net 82 /STOR_4))
    (model ${KISYS3DMOD}/Resistor_SMD.3dshapes/R_0603_1608Metric.wrl
      (at (xyz 0 0 0))
      (scale (xyz 1 1 1))
      (rotate (xyz 0 0 0))
    )
  )

  (module Resistor_SMD:R_0603_1608Metric (layer F.Cu) (tedit 5B301BBD) (tstamp 5DBCCCA9)
    (at 110.8837 155.6893)
    (descr "Resistor SMD 0603 (1608 Metric), square (rectangular) end terminal, IPC_7351 nominal, (Body size source: http://www.tortai-tech.com/upload/download/2011102023233369053.pdf), generated with kicad-footprint-generator")
    (tags resistor)
    (path /5CF96D09/5DBFD9F4)
    (attr smd)
    (fp_text reference R64 (at 0 -1.43) (layer F.SilkS)
      (effects (font (size 1 1) (thickness 0.15)))
    )
    (fp_text value 10K (at 0 1.43) (layer F.Fab)
      (effects (font (size 1 1) (thickness 0.15)))
    )
    (fp_line (start -0.8 0.4) (end -0.8 -0.4) (layer F.Fab) (width 0.1))
    (fp_line (start -0.8 -0.4) (end 0.8 -0.4) (layer F.Fab) (width 0.1))
    (fp_line (start 0.8 -0.4) (end 0.8 0.4) (layer F.Fab) (width 0.1))
    (fp_line (start 0.8 0.4) (end -0.8 0.4) (layer F.Fab) (width 0.1))
    (fp_line (start -0.162779 -0.51) (end 0.162779 -0.51) (layer F.SilkS) (width 0.12))
    (fp_line (start -0.162779 0.51) (end 0.162779 0.51) (layer F.SilkS) (width 0.12))
    (fp_line (start -1.48 0.73) (end -1.48 -0.73) (layer F.CrtYd) (width 0.05))
    (fp_line (start -1.48 -0.73) (end 1.48 -0.73) (layer F.CrtYd) (width 0.05))
    (fp_line (start 1.48 -0.73) (end 1.48 0.73) (layer F.CrtYd) (width 0.05))
    (fp_line (start 1.48 0.73) (end -1.48 0.73) (layer F.CrtYd) (width 0.05))
    (fp_text user %R (at 0 0) (layer F.Fab)
      (effects (font (size 0.4 0.4) (thickness 0.06)))
    )
    (pad 1 smd roundrect (at -0.7875 0) (size 0.875 0.95) (layers F.Cu F.Paste F.Mask) (roundrect_rratio 0.25)
      (net 85 /STOR_1))
    (pad 2 smd roundrect (at 0.7875 0) (size 0.875 0.95) (layers F.Cu F.Paste F.Mask) (roundrect_rratio 0.25)
      (net 35 Earth))
    (model ${KISYS3DMOD}/Resistor_SMD.3dshapes/R_0603_1608Metric.wrl
      (at (xyz 0 0 0))
      (scale (xyz 1 1 1))
      (rotate (xyz 0 0 0))
    )
  )

  (module Resistor_SMD:R_0603_1608Metric (layer F.Cu) (tedit 5B301BBD) (tstamp 5DBCCC98)
    (at 110.9091 183.2483)
    (descr "Resistor SMD 0603 (1608 Metric), square (rectangular) end terminal, IPC_7351 nominal, (Body size source: http://www.tortai-tech.com/upload/download/2011102023233369053.pdf), generated with kicad-footprint-generator")
    (tags resistor)
    (path /5CF96D09/5DC0A863)
    (attr smd)
    (fp_text reference R66 (at 0 -1.43) (layer F.SilkS)
      (effects (font (size 1 1) (thickness 0.15)))
    )
    (fp_text value 10K (at 0 1.43) (layer F.Fab)
      (effects (font (size 1 1) (thickness 0.15)))
    )
    (fp_text user %R (at 0 0) (layer F.Fab)
      (effects (font (size 0.4 0.4) (thickness 0.06)))
    )
    (fp_line (start 1.48 0.73) (end -1.48 0.73) (layer F.CrtYd) (width 0.05))
    (fp_line (start 1.48 -0.73) (end 1.48 0.73) (layer F.CrtYd) (width 0.05))
    (fp_line (start -1.48 -0.73) (end 1.48 -0.73) (layer F.CrtYd) (width 0.05))
    (fp_line (start -1.48 0.73) (end -1.48 -0.73) (layer F.CrtYd) (width 0.05))
    (fp_line (start -0.162779 0.51) (end 0.162779 0.51) (layer F.SilkS) (width 0.12))
    (fp_line (start -0.162779 -0.51) (end 0.162779 -0.51) (layer F.SilkS) (width 0.12))
    (fp_line (start 0.8 0.4) (end -0.8 0.4) (layer F.Fab) (width 0.1))
    (fp_line (start 0.8 -0.4) (end 0.8 0.4) (layer F.Fab) (width 0.1))
    (fp_line (start -0.8 -0.4) (end 0.8 -0.4) (layer F.Fab) (width 0.1))
    (fp_line (start -0.8 0.4) (end -0.8 -0.4) (layer F.Fab) (width 0.1))
    (pad 2 smd roundrect (at 0.7875 0) (size 0.875 0.95) (layers F.Cu F.Paste F.Mask) (roundrect_rratio 0.25)
      (net 35 Earth))
    (pad 1 smd roundrect (at -0.7875 0) (size 0.875 0.95) (layers F.Cu F.Paste F.Mask) (roundrect_rratio 0.25)
      (net 81 /STOR_5))
    (model ${KISYS3DMOD}/Resistor_SMD.3dshapes/R_0603_1608Metric.wrl
      (at (xyz 0 0 0))
      (scale (xyz 1 1 1))
      (rotate (xyz 0 0 0))
    )
  )

  (module Resistor_SMD:R_0603_1608Metric (layer F.Cu) (tedit 5B301BBD) (tstamp 5DBCCB57)
    (at 110.871 197.2056)
    (descr "Resistor SMD 0603 (1608 Metric), square (rectangular) end terminal, IPC_7351 nominal, (Body size source: http://www.tortai-tech.com/upload/download/2011102023233369053.pdf), generated with kicad-footprint-generator")
    (tags resistor)
    (path /5CF96D09/5DC03FE7)
    (attr smd)
    (fp_text reference R67 (at 0 -1.43) (layer F.SilkS)
      (effects (font (size 1 1) (thickness 0.15)))
    )
    (fp_text value 10K (at 0 1.43) (layer F.Fab)
      (effects (font (size 1 1) (thickness 0.15)))
    )
    (fp_line (start -0.8 0.4) (end -0.8 -0.4) (layer F.Fab) (width 0.1))
    (fp_line (start -0.8 -0.4) (end 0.8 -0.4) (layer F.Fab) (width 0.1))
    (fp_line (start 0.8 -0.4) (end 0.8 0.4) (layer F.Fab) (width 0.1))
    (fp_line (start 0.8 0.4) (end -0.8 0.4) (layer F.Fab) (width 0.1))
    (fp_line (start -0.162779 -0.51) (end 0.162779 -0.51) (layer F.SilkS) (width 0.12))
    (fp_line (start -0.162779 0.51) (end 0.162779 0.51) (layer F.SilkS) (width 0.12))
